9 15 13 15 4 19 
5 13 16 5 1 
5 15 5 17 5 14 1 
4 16 2 10 4 11 16 1 
9 14 16 18 17 5 
12 7 13 18 9 12 12 
14 2 2 12 
1 10 12 8 
17 17 5 2 9 9 8 
19 15 19 5 14 17 
12 15 7 13 2 6 5 
3 9 14 6 
8 3 16 13 4 
15 14 4 15 1 
14 10 1 15 14 1 19 
13 11 2 13 12 18 
6 19 1 16 19 1 13 
5 10 15 9 18 13 1 
8 8 10 13 6 8 4 10 
7 4 8 5 18 19 
17 4 16 17 
5 7 1 14 
12 5 4 4 10 
17 10 19 15 11 4 17 7 
4 9 2 11 13 4 
2 19 10 10 5 
5 5 16 13 15 16 
2 9 3 1 12 3 
10 3 6 17 16 16 14 
12 9 10 17 14 18 
4 19 1 18 
17 1 10 4 9 6 16 15 
13 3 19 7 14 10 8 
1 7 12 10 2 16 
8 4 3 6 
6 6 9 4 2 
17 1 8 13 10 5 
10 9 11 5 15 6 13 
11 9 5 16 
3 1 5 4 11 17 13 19 
19 3 16 5 10 13 5 
18 7 16 2 2 2 12 
14 17 8 19 6 1 2 1 
5 18 18 3 14 13 
3 5 18 3 2 17 3 
11 14 12 6 4 
2 4 11 3 18 2 6 
6 12 10 13 2 
19 8 10 5 3 9 
8 10 14 18 
10 6 3 6 
8 4 14 5 11 19 15 
10 10 16 19 11 
16 6 9 19 
12 19 19 19 1 5 5 
1 5 19 17 13 10 
1 4 8 1 13 13 19 
2 4 1 3 18 7 
2 19 17 4 18 1 8 13 
18 7 1 12 9 13 
17 18 18 3 9 2 5 12 
11 19 4 4 13 5 19 
7 6 11 15 
5 2 8 15 17 2 13 
8 17 17 1 14 5 3 17 
17 4 12 9 1 11 
5 7 12 9 13 2 8 6 
6 14 12 15 12 10 
10 7 14 14 12 19 6 
15 1 17 14 19 
8 19 6 9 5 10 17 
17 5 4 14 11 8 
18 17 14 1 8 3 
10 14 10 18 
17 5 19 8 14 
5 10 6 7 
2 15 5 19 13 15 12 
9 10 16 14 8 4 8 
11 12 4 19 18 
2 13 9 12 16 8 6 
14 10 7 12 19 10 2 
16 5 18 14 12 7 13 11 
10 1 19 7 10 
10 2 5 19 14 
12 10 2 19 13 11 1 
9 15 18 14 12 6 11 2 
15 8 5 16 13 7 4 
8 18 18 7 1 9 
8 7 4 3 10 19 
8 8 17 14 
8 2 1 8 
5 2 6 14 5 5 
11 2 7 9 17 12 6 
3 15 10 19 
5 14 13 2 9 17 10 
11 18 14 19 10 
5 9 1 12 8 12 
15 13 11 18 9 8 
16 1 3 15 9 10 3 19 
8 6 3 14 12 
8 16 11 19 10 
5 15 13 5 14 12 13 6 
4 14 6 4 8 11 7 19 
4 1 16 13 
19 18 5 15 2 15 4 17 
5 18 5 10 
14 14 11 14 
19 5 8 1 4 4 14 
13 18 15 17 12 
1 10 15 2 3 2 16 
9 8 9 9 
16 19 10 2 14 17 19 
6 10 2 18 14 4 
11 5 6 7 10 
16 2 3 5 7 17 
8 6 15 2 17 
12 3 10 8 
6 7 18 2 17 
9 8 11 15 13 19 4 
9 1 12 8 8 11 17 17 
19 6 3 12 16 8 4 
3 15 10 13 10 11 
2 10 10 5 8 
1 2 10 13 7 
18 11 3 8 2 17 13 
1 4 5 5 1 11 14 
18 17 10 6 14 5 8 7 
16 3 1 16 1 9 
14 7 6 19 6 5 7 
7 1 14 12 2 12 8 14 
10 17 9 7 5 17 15 11 
7 13 2 19 
14 4 15 5 10 19 5 8 
7 10 19 14 6 13 7 13 
3 9 15 3 
12 8 16 6 
6 10 8 19 10 
8 15 1 18 14 10 
5 16 7 9 5 8 
2 13 12 16 11 16 9 
16 2 15 18 5 8 5 11 
2 12 14 9 3 8 1 
13 10 4 9 4 8 12 
12 12 11 9 15 18 3 17 
4 9 6 4 17 10 13 
7 3 10 7 5 6 16 8 
14 1 1 10 17 
7 5 17 18 1 4 
18 14 18 4 16 17 1 
15 19 2 18 3 
14 11 11 16 7 8 
17 18 3 4 8 6 4 1 
4 19 17 4 7 8 8 
9 18 1 8 8 8 
5 5 17 15 6 
3 13 18 15 
17 16 19 10 1 
11 18 18 2 11 
18 7 3 14 19 10 14 
16 17 3 3 14 
11 3 1 8 19 6 
19 10 15 11 10 9 
15 2 3 13 3 15 
17 11 9 15 7 
11 19 12 11 19 7 
15 19 15 18 17 19 12 5 
12 13 8 1 11 
7 13 1 14 5 15 19 17 
13 8 7 2 
16 7 15 1 16 6 16 13 
12 18 18 7 7 6 
8 2 16 18 1 1 11 7 
14 1 19 3 8 18 5 5 
2 6 7 10 
19 14 12 12 5 7 
15 11 17 10 16 3 13 19 
16 19 17 12 12 7 19 
17 17 13 5 
18 14 1 13 16 10 6 
3 7 1 9 4 12 16 
10 8 19 1 9 17 6 15 
16 10 15 17 3 
14 18 11 12 14 7 
9 6 2 9 2 5 6 
17 7 3 10 10 3 10 6 
17 1 13 17 5 
5 1 18 2 
12 16 15 12 12 10 1 8 
1 1 11 7 14 
6 15 19 13 9 3 5 
8 16 3 11 11 4 
6 5 13 16 7 4 17 
16 11 17 2 17 10 
19 19 8 3 2 11 
14 9 8 14 10 4 
2 2 18 1 15 
8 10 5 16 2 7 9 12 
1 6 12 19 9 14 10 14 
1 7 12 2 3 
17 15 5 9 4 15 
13 19 12 14 8 1 
7 17 13 19 6 
18 18 12 10 
9 15 19 14 
9 9 7 11 1 6 
11 19 13 8 16 14 12 10 
5 8 11 9 7 19 
3 19 9 11 3 17 19 
7 18 17 1 12 2 
13 17 10 10 8 6 6 
1 11 7 19 1 
19 11 2 4 
16 11 15 1 12 17 2 17 
8 11 5 16 19 13 
5 13 18 2 12 1 15 
8 5 2 10 15 3 15 4 
16 8 5 17 
14 18 13 19 5 17 17 2 
17 8 2 9 3 18 4 
16 14 17 14 17 14 4 19 
10 14 3 18 14 17 
5 19 11 10 6 
3 4 13 18 15 2 
6 7 16 14 5 
10 17 10 17 19 7 2 3 
7 1 11 3 18 3 4 
13 5 3 5 
2 3 4 13 17 7 
8 16 1 2 18 2 2 
9 18 17 13 13 13 3 12 
7 4 14 8 2 
4 18 9 14 16 6 
10 17 8 6 9 
11 5 9 16 15 13 
10 3 17 5 
2 5 8 7 3 9 11 8 
4 7 8 15 
7 4 15 15 2 
1 10 2 3 11 5 
4 4 5 15 2 
7 4 3 8 16 18 19 
11 8 1 16 1 
16 10 10 15 11 7 
13 17 3 11 4 1 3 
1 1 9 4 5 7 
10 14 3 5 17 
19 11 14 7 17 15 
5 16 17 13 9 12 
4 16 1 5 4 9 6 12 
19 5 5 10 
9 7 3 15 18 5 
15 8 12 16 15 
15 15 19 10 17 2 18 
7 9 11 14 8 
12 15 19 4 6 7 
13 12 5 12 
15 2 13 19 19 5 15 8 
3 14 19 7 
14 19 7 4 
1 14 15 14 4 3 5 19 
1 9 16 3 16 19 11 
18 16 11 3 8 7 11 
2 13 19 6 18 6 16 
4 16 15 15 12 8 3 
3 17 14 9 17 14 7 9 
12 19 4 9 13 10 
3 1 17 6 16 14 18 
4 13 2 17 7 9 1 4 
15 11 9 7 18 5 10 12 
16 1 16 9 6 18 9 
5 17 16 13 
16 13 16 14 
16 14 19 14 11 1 
4 7 11 13 8 1 11 
11 13 11 16 
13 15 11 18 6 17 12 
17 14 16 6 14 10 12 
13 3 3 14 12 18 6 4 
6 7 1 7 8 3 
18 4 16 5 
10 7 17 18 4 11 15 
19 2 13 17 7 2 17 3 
4 19 7 15 3 
1 8 19 18 12 14 
13 14 11 16 14 17 19 5 
16 16 10 14 5 9 5 
5 8 11 5 
1 13 9 13 
19 3 12 12 9 5 18 8 
5 19 15 1 5 6 8 
16 5 11 6 
8 12 18 7 4 1 
16 11 19 11 4 17 18 
16 13 14 10 14 7 13 14 
17 14 3 3 15 11 9 
11 7 5 13 
11 9 5 7 6 12 2 2 
5 10 7 6 12 4 8 
9 2 1 12 5 2 15 
5 5 10 9 
12 15 12 12 15 9 16 
2 5 12 3 12 15 13 13 
9 8 12 16 7 
12 12 10 1 
12 12 15 6 16 
4 19 7 19 17 19 5 3 
7 11 10 9 16 7 
4 17 17 15 
17 11 3 7 
11 7 14 17 12 6 10 
1 1 8 5 2 13 3 12 
3 1 16 2 
14 3 13 4 
13 9 14 15 
14 13 3 11 13 8 
5 8 6 13 3 11 
17 14 14 14 12 9 
15 10 1 4 15 
17 16 4 19 13 
9 18 12 11 7 
4 16 4 11 14 12 16 
7 5 17 2 15 4 6 
14 15 4 18 9 9 7 19 
3 7 19 6 10 16 11 
9 9 19 3 14 15 9 16 
9 5 7 5 
3 6 16 8 17 16 
6 2 8 3 17 13 
10 1 15 14 11 5 
6 2 8 4 8 12 13 
14 6 1 19 6 
17 6 8 10 12 5 5 
14 4 2 19 16 13 
13 15 15 18 12 8 6 
18 7 8 6 10 
13 7 1 14 15 7 
4 14 11 14 16 13 2 19 
3 10 1 17 10 13 12 8 
17 17 11 13 8 1 
2 2 3 16 19 5 14 
9 7 5 9 
2 9 1 12 12 
11 15 12 3 12 17 19 10 
13 15 11 15 
17 2 14 11 14 18 1 
11 15 10 11 13 2 5 
4 7 12 6 11 8 4 10 
16 1 10 7 10 1 18 
15 17 3 9 9 4 15 
11 8 11 5 5 
2 6 6 14 5 10 
13 8 3 11 
13 7 12 1 18 1 9 
18 4 11 5 
5 4 7 17 11 7 8 
3 7 3 7 12 15 
2 8 5 8 16 
15 5 1 1 17 18 
3 19 6 4 8 4 2 2 
18 3 9 19 12 12 5 5 
1 6 14 5 7 13 
10 4 14 13 7 
14 15 12 11 
16 16 10 3 
6 17 6 17 16 
7 10 17 7 5 5 
4 18 17 12 19 
13 17 15 3 13 14 15 
13 17 6 9 5 10 9 
4 6 14 14 
4 11 14 14 10 
12 2 10 9 18 19 
9 11 6 12 14 19 
3 10 5 9 13 15 13 
11 2 5 11 16 
8 16 18 8 1 15 
15 3 12 15 19 
11 15 12 18 2 3 10 18 
14 4 4 2 2 3 6 4 
3 15 8 1 15 
4 16 4 19 19 12 
6 14 8 4 
18 13 16 13 6 6 1 16 
13 3 10 12 
2 10 17 4 16 
9 3 14 13 9 18 15 
17 7 11 16 19 8 
4 17 15 3 18 8 16 
2 1 5 4 6 19 
11 17 6 15 13 11 
8 1 16 1 
8 2 3 11 11 19 13 8 
3 15 19 7 5 4 2 10 
16 3 8 7 2 12 
4 14 8 5 14 
18 14 11 15 
11 7 10 14 5 
5 4 13 6 11 18 
8 13 5 10 15 9 17 17 
15 6 7 4 3 
8 12 3 13 5 14 12 1 
18 9 17 9 19 14 17 
1 2 13 19 8 5 
16 1 13 12 8 10 12 
5 10 7 7 4 8 13 16 
6 10 10 2 19 7 17 11 
9 3 4 8 16 6 8 
7 2 4 16 18 1 
9 5 16 7 
5 14 9 17 2 6 17 12 
19 3 9 15 
6 19 18 14 1 
15 18 14 19 9 12 
16 14 7 12 14 
9 14 10 10 19 17 15 17 
5 8 17 19 9 16 6 
6 10 14 8 2 14 
10 3 1 16 5 2 11 6 
13 7 6 11 8 
6 2 14 7 5 6 
2 1 10 11 
13 7 7 16 5 11 11 
18 13 19 12 8 11 17 
4 19 5 1 1 
3 9 17 11 18 11 4 
16 8 1 2 17 8 5 15 
7 10 6 5 15 8 16 18 
1 10 18 12 
8 3 13 19 18 
11 19 13 17 7 
18 17 16 5 15 
2 6 6 17 5 
9 1 13 4 
5 1 19 8 
2 6 10 17 
9 12 5 8 
19 1 3 10 7 
3 1 12 5 11 
11 11 10 12 
13 1 11 6 
15 13 9 17 
8 16 3 10 13 9 
14 13 3 5 4 15 
6 5 6 3 1 12 8 
8 16 19 4 
6 3 15 3 16 5 
5 16 12 19 19 3 
19 14 9 16 
14 8 7 12 1 12 
15 19 11 13 18 
13 2 18 2 2 10 3 
13 18 11 13 5 5 5 
5 3 8 10 12 2 12 
10 17 8 9 8 1 5 
6 6 18 6 
11 3 15 5 15 7 5 2 
6 17 14 18 19 
18 5 16 6 
14 19 15 13 5 19 
18 12 3 7 7 8 13 
12 8 19 12 
14 16 1 15 6 
18 8 15 16 14 4 
15 3 7 16 17 15 11 14 
12 4 13 14 9 13 5 5 
15 2 16 2 17 
12 19 18 10 6 
10 17 7 6 
4 13 17 10 13 17 
8 18 2 1 
13 8 6 3 
11 12 1 11 11 
8 11 9 8 10 19 2 
15 2 7 2 10 10 
19 11 7 1 6 12 9 5 
16 17 1 5 16 
5 17 18 17 
18 14 6 9 18 5 11 
6 16 15 3 14 
17 18 4 17 17 12 
12 10 3 13 
13 1 17 17 13 15 
12 3 19 13 11 4 6 
13 8 5 7 19 8 12 11 
9 5 17 16 18 15 13 
17 12 8 11 15 8 15 
1 13 16 18 
18 1 7 11 1 19 
15 9 17 19 
5 13 14 14 
2 5 18 16 
18 19 3 6 15 2 4 8 
9 13 7 3 
4 4 15 14 6 10 4 18 
14 7 3 6 11 19 13 10 
6 3 18 18 
14 10 1 5 19 19 13 
3 7 13 5 7 
7 1 13 1 10 5 5 10 
18 7 14 6 11 3 10 18 
12 18 11 7 4 2 
15 8 12 4 16 6 14 
14 12 18 17 6 
15 5 12 3 
9 19 16 1 
13 4 1 16 6 
9 17 5 12 9 7 3 
6 8 18 19 2 15 2 10 
5 5 4 7 7 8 19 
19 8 5 3 6 1 4 
16 18 11 15 16 
14 8 4 8 
8 11 11 9 
10 11 10 16 6 
4 10 5 13 16 
8 12 7 15 14 18 8 
5 4 19 9 
18 3 13 19 10 1 12 
8 17 6 4 12 
11 18 5 7 17 8 
2 12 5 5 10 17 14 11 
5 17 2 1 1 4 
8 6 2 10 4 16 15 8 
16 18 14 5 10 
7 15 11 16 14 11 
14 9 12 12 13 12 12 11 
9 4 8 14 18 
13 14 10 6 
10 10 8 12 19 4 10 
3 9 1 19 
16 4 16 9 
17 2 4 2 18 
15 2 14 15 
5 4 16 14 16 14 
11 7 3 2 
14 16 8 3 7 11 3 17 
12 16 4 2 2 
14 14 6 9 7 16 4 
8 13 4 16 15 
10 3 2 19 4 5 
11 18 2 12 13 
12 3 4 6 11 14 
12 4 16 10 12 
6 18 5 15 13 2 
8 17 16 12 2 19 
19 9 9 17 2 
11 9 4 13 19 1 
18 1 5 1 14 6 11 17 
11 15 9 8 10 1 
11 18 19 8 
12 14 12 13 10 11 
12 11 13 13 4 3 14 
2 1 15 7 5 2 15 
18 4 9 14 1 6 
5 7 6 12 16 
19 18 10 4 9 
13 16 3 1 15 16 
14 11 4 17 12 2 
6 7 19 5 17 8 
8 15 4 6 
19 3 12 15 3 2 14 
19 9 5 6 13 19 2 
8 16 17 15 9 15 17 12 
17 6 15 4 2 14 
1 19 18 16 8 6 
9 4 14 9 
15 13 14 13 9 2 
2 12 3 17 
12 3 2 18 15 
15 6 9 5 15 17 11 
12 19 5 6 6 2 1 18 
3 11 8 12 15 8 2 16 
3 12 11 11 17 19 12 
6 6 3 3 9 9 10 
7 11 3 2 15 5 8 14 
13 18 2 12 17 7 14 
9 18 2 17 3 15 7 16 
17 3 16 7 5 
14 1 15 19 18 
11 10 16 14 18 7 
17 13 17 4 5 11 3 4 
16 17 10 19 7 5 9 12 
5 9 13 13 10 19 18 10 
1 4 5 11 15 19 
6 12 5 8 1 14 4 13 
6 8 15 7 2 
7 19 18 12 2 15 
15 17 15 3 4 12 4 
5 2 8 7 19 6 15 18 
2 3 6 3 17 
7 8 18 3 18 1 5 
3 12 8 6 14 2 
10 8 5 9 11 
4 13 1 17 12 
16 6 6 4 3 
3 15 11 12 15 5 6 
14 18 14 4 2 5 
11 19 5 12 
10 2 19 11 7 1 
5 16 17 18 15 
